REF	POS	COV	A	C	G	T	DEL	REFSKIP	SAMPLE
chr1	97981342	314	314	0	0	0	0	0	*
chr1	97981342	314	314	0	0	0	0	0	*
chr1	97547946	271	0	0	0	271	0	0	*
chr1	97915613	315	0	315	0	0	0	0	*
chr1	97915613	315	0	315	0	0	0	0	*
chr3	124456741	1059	0	2	1053	4	0	0	*
chr4	89052322	366	0	0	199	167	0	0	*
chr1	20915700	1228	1225	1	1	1	0	0	*
chr1	20931473	848	1	1	846	0	0	0	*
chr10	104897984	373	0	204	0	169	0	0	*
chr10	104897984	373	0	204	0	169	0	0	*
chr11	4141131	247	246	1	0	0	0	0	*
chr11	4159456	485	3	0	481	1	0	0	*
chr5	79950780	1166	608	4	554	0	0	0	*
chr5	79951495	409	0	0	408	1	0	0	*
chr21	46936582	1271	3	2	2	1264	0	0	*
chr1	11854456	845	844	0	0	1	0	0	*
chr1	98045448	254	0	1	253	0	0	0	*
chr1	98045448	254	0	1	253	0	0	0	*
chr7	87138644	1497	1027	1	469	0	0	0	*
chr7	87138644	1497	1027	1	469	0	0	0	*
chr7	87179600	1239	843	1	395	0	0	0	*
chr1	20915588	1352	2	6	0	1344	0	0	*
chr1	20915589	1350	1	1348	0	1	0	0	*
chr1	20915530	845	845	0	0	0	0	0	*
chr4	89061113	371	0	371	0	0	0	0	*
chr8	69389216	375	0	0	374	1	0	0	*
chr8	69389216	375	0	0	374	1	0	0	*
chr7	80532111	501	0	0	0	501	0	0	*
chr21	46957793	583	0	580	1	1	0	0	*
chr12	21329737	195	7	1	187	0	0	0	*
chr12	21331548	239	0	0	0	239	0	0	*
chr2	234669143	1028	468	1	558	1	0	0	*
chr2	234668879	528	504	0	1	0	23	0	*
chr2	234668879	528	504	0	1	0	23	0	*
chr10	115489588	291	0	0	0	291	0	0	*
chr10	115438203	596	0	596	0	0	0	0	*
chr10	96827029	1037	0	1036	1	0	0	0	*
chr10	96827029	1037	0	1036	1	0	0	0	*
chr7	99382095	554	2	1	0	551	0	0	*
chr21	37518705	1952	4	0	1947	1	0	0	*
chr11	67352688	1300	1298	1	1	0	0	0	*
chr22	19952131	403	0	0	0	403	0	0	*
chr22	19955691	447	0	445	1	1	0	0	*
chr22	19955691	447	0	445	1	1	0	0	*
chr19	45923652	731	2	1	728	0	0	0	*
chr19	45912735	960	0	938	2	0	20	0	*
chr3	14187448	734	0	0	0	734	0	0	*
chr7	87160617	439	298	0	0	141	0	0	*
chr7	87160617	439	298	0	0	141	0	0	*
